9.217280e-01 9.849156e+00
9.219460e-01 9.189587e+00
9.221800e-01 8.574188e+00
9.224330e-01 8.000000e+00
9.227050e-01 7.464264e+00
9.229980e-01 6.964405e+00
9.233140e-01 6.498019e+00
9.236550e-01 6.062866e+00
9.240230e-01 5.656854e+00
9.244210e-01 5.278032e+00
9.248520e-01 4.924578e+00
9.253200e-01 4.594794e+00
9.258310e-01 4.287094e+00
9.263890e-01 4.000000e+00
9.270050e-01 3.732132e+00
9.276860e-01 3.482202e+00
9.284460e-01 3.249010e+00
9.293000e-01 3.031433e+00
9.302670e-01 2.828427e+00
9.313700e-01 2.639016e+00
9.326370e-01 2.462289e+00
9.330330e-01 2.417466e+00
9.341710e-01 2.297397e+00
9.359780e-01 2.143547e+00
9.380820e-01 2.000000e+00
9.405410e-01 1.866066e+00
9.434300e-01 1.741101e+00
9.468350e-01 1.624505e+00
9.508680e-01 1.515717e+00
9.556680e-01 1.414214e+00
9.614140e-01 1.319508e+00
9.683410e-01 1.231144e+00
9.767650e-01 1.148698e+00
9.871150e-01 1.071773e+00
1.000000e+00 1.000000e+00
1.019972e+00 9.330330e-01
1.045959e+00 8.705510e-01
1.071773e+00 8.263710e-01
1.084544e+00 8.122520e-01
1.148698e+00 7.614980e-01
1.156832e+00 7.578580e-01
1.231144e+00 7.328040e-01
1.319508e+00 7.169070e-01
1.414214e+00 7.076130e-01
1.423229e+00 7.071070e-01
1.515717e+00 7.029250e-01
1.624505e+00 7.000630e-01
1.741101e+00 6.982290e-01
1.866066e+00 6.970230e-01
2.000000e+00 6.962110e-01
2.143547e+00 6.956510e-01
2.297397e+00 6.952570e-01
2.462289e+00 6.949750e-01
2.639016e+00 6.947690e-01
2.828427e+00 6.946160e-01
3.031433e+00 6.945010e-01
3.249010e+00 6.944130e-01
3.482202e+00 6.943440e-01
3.732132e+00 6.942900e-01
4.000000e+00 6.942480e-01
1.000000e+01 6.942480e-01
1.000000e+01 5.004910e-01
4.000000e+00 5.004910e-01
3.732132e+00 5.006020e-01
3.482202e+00 5.007410e-01
3.249010e+00 5.009180e-01
3.031433e+00 5.011460e-01
2.828427e+00 5.014430e-01
2.639016e+00 5.018350e-01
2.462289e+00 5.023630e-01
2.297397e+00 5.030820e-01
2.143547e+00 5.040830e-01
2.000000e+00 5.054990e-01
1.866066e+00 5.075490e-01
1.741101e+00 5.105820e-01
1.624505e+00 5.151860e-01
1.515717e+00 5.223680e-01
1.414214e+00 5.339140e-01
1.403950e+00 5.358870e-01
1.319508e+00 5.532360e-01
1.261781e+00 5.743490e-01
1.231144e+00 5.868420e-01
1.189164e+00 6.155720e-01
1.148698e+00 6.483960e-01
1.139440e+00 6.597540e-01
1.105825e+00 7.071070e-01
1.076597e+00 7.578580e-01
1.071773e+00 7.674540e-01
1.053889e+00 8.122520e-01
1.034089e+00 8.705510e-01
1.016210e+00 9.330330e-01
1.000000e+00 1.000000e+00
9.840250e-01 1.071773e+00
9.688520e-01 1.148698e+00
9.543450e-01 1.231144e+00
9.403810e-01 1.319508e+00
9.330330e-01 1.369962e+00
9.248520e-01 1.414214e+00
9.070160e-01 1.515717e+00
8.889910e-01 1.624505e+00
8.706710e-01 1.741101e+00
8.705510e-01 1.741886e+00
8.428270e-01 1.866066e+00
8.137210e-01 2.000000e+00
8.122520e-01 2.006854e+00
7.675080e-01 2.143547e+00
7.578580e-01 2.173257e+00
7.071070e-01 2.275186e+00
6.903900e-01 2.297397e+00
6.597540e-01 2.338139e+00
6.155720e-01 2.377763e+00
6.000000e-01 2.403266e+00
6.000000e-01 2.420063e+00
6.000000e-01 2.431376e+00
6.000000e-01 2.439160e+00
6.000000e-01 2.444626e+00
6.000000e-01 2.448538e+00
6.000000e-01 2.451389e+00
6.000000e-01 2.453499e+00
6.000000e-01 2.455087e+00
6.000000e-01 2.456301e+00
6.000000e-01 2.457239e+00
6.000000e-01 2.457973e+00
6.000000e-01 2.458556e+00
6.000000e-01 9.849156e+00
9.217280e-01 9.849156e+00

